393590
725378
757314
224692
310266
679303
854755
534305
49127
315608
608506
342187
356114
634585
301210
209000
119819
356685
496214
870439
343826
586247
209498
91689
600044
469594
64093
268260
289645
347269
149937
683235
72649
907251
422133
382915
100760
791093
917220
664091
106702
39932
6279
977020
674517
821693
186022
794337
178379
196441
178982
36411
296893
388481
642304
896938
858075
706397
679403
661925
53668
829340
859366
640521
250797
281500
23437
865762
586798
454863
44059
693500
9000
564543
184727
683518
386237
370749
992060
78822
81395
685247
629437
892492
73729
271742
789431
446010
492344
468836
622140
60217
812381
481507
700738
63180
277212
238381
928942
864010
207449
973001
557512
216449
537545
742239
414172
437988
627193
406233
31015
222793
91482
660452
115286
679415
446399
418923
639630
938743
401964
261772
998961
728550
743279
213905
791730
534697
452286
234878
398708
173940
722085
470425
390390
259631
212665
804562
211824
354063
725001
242839
91061
816483
417496
720552
10104
863895
653680
649735
316845
55645
425712
830011
298400
683196
43917
90132
217894
10409
325010
130808
184349
561300
601233
574739
820932
328104
893507
546961
682167
618509
304006
287434
949197
721502
7987
473506
99604
661667
637446
416449
231517
63159
246461
529917
260561
804582
134254
992659
814991
973469
123468
513546
534770
724702
602490
869907
52807
495998
416870
249179
628712
720876
50818
92115
442379
58805
565622
541983
234677
203069
472637
466194
780433
233303
510317
555199
37887
644571
547859
367083
618041
671328
880629
152813
910235
483121
22721
477247
979119
953795
240631
122038
674672
291450
214153
631257
864459
293980
687445
99138
497050
160084
79537
791688
393387
589854
346888
945478
748631
894747
312563
366673
80281
193193
33691
504721
676314
570617
981968
169640
524413
736805
805882
199087
28256
534240
344549
892715
828221
31995
506058
839476
706283
585596
631165
613876
689655
492258
559355
438287
901210
871918
804961
981492
579317
352857
419
769836
923474
496593
453681
447889
233399
259564
161181
775859
793805
19935
182780
136232
51930
688839
975708
758214
788640
121079
886295
478296
613337
445651
916584
514548
831775
721546
10246
411093
588608
10666
180930
512084
507259
634612
474178
254863
408381
149564
30723
716391
169499
213503
852623
735633
416547
828332
8053
205188
463616
894348
683485
76954
340001
600070
105708
171777
835821
115954
97075
424430
640824
278005
450719
662288
426822
439102
917151
349409
588666
462079
65801
272370
189788
432630
8005
606335
260963
16058
811524
238785
910407
9215
315739
250409
609285
421447
936390
959311
51607
33466
383742
692431
825675
348667
354721
252499
787769
786077
116113
376437
248158
181914
163012
437946
614544
171017
558486
389713
187076
884215
628498
97484
893430
458442
862097
502716
394095
798488
462028
445702
831954
359976
652338
657630
708643
521264
424334
10618
821547
540447
901259
69706
236567
64273
21857
365316
235290
94548
755029
422366
978764
897732
34055
872195
870380
896152
374913
264476
694641
351146
224383
40801
225327
876721
212637
448175
397987
636971
458794
733739
691624
360054
803445
928191
938531
339507
807712
173823
434055
76948
110394
927024
974680
144450
799221
845061
40603
688339
623742
249450
39486
848125
804455
779018
724848
17093
227194
637040
168270
685988
370780
859894
560248
688430
302291
498780
542142
110004
672603
490402
186952
297203
417428
675838
441653
730854
35105
996460
419194
173053
760115
972884
21179
564572
751903
260232
581665
979098
897272
264140
179292
782257
124035
739540
984892
940530
752526
41240
564740
939334
531643
265897
236538
463276
941735
678191
194131
491046
188858
613325
664099
948973
100415
199483
27751
852319
459716
123622
345623
871193
387762
524915
653452
511798
778661
152550
966533
531188
193791
531274
470523
725434
797172
707062
702915
253113
899458
897046
744159
88317
24577
922463
551496
124992
121948
579247
977311
581664
702869
322935
452858
90633
362056
620515
116636
140718
773066
83170
671906
481062
614445
656634
720701
411618
363697
423617
664731
263157
320664
923096
865678
345241
845560
417175
470233
481713
510628
961750
63378
727702
798890
30442
332540
160947
650957
449176
815869
938228
46552
487776
933495
660997
144412
654197
586820
22314
77815
765756
799675
912683
688853
665355
772129
48620
596735
242364
530333
621568
718319
107917
349272
517210
138359
681812
192363
303521
645194
8233
755955
691746
496010
689451
866948
154627
857854
453769
691145
935669
219526
490822
362559
422585
670382
134689
985409
781322
891257
29948
402892
609577
137865
266369
640993
790428
948181
833356
608155
107581
841589
364111
799327
851804
567767
666276
520636
425622
634250
211783
875497
367982
216810
238057
790567
887192
372746
290182
668515
264005
320130
585612
387787
972200
851981
28781
762629
314369
376342
370785
421950
217933
249101
221279
583942
331074
401760
104580
270901
36012
830567
146399
403994
47378
898660
708766
934570
271408
998948
117291
49618
319079
702904
951609
291280
554886
980391
568115
383460
356734
453105
805411
88872
216412
540895
672815
547486
942655
291600
332592
492872
636372
478992
896866
683750
377653
119838
132526
163266
118787
764021
727088
952071
466926
678699
757556
536018
659091
839876
919478
530030
292983
239095
618903
23600
779990
805923
85291
236852
611728
417883
729724
248101
411080
140797
446056
788734
774839
578582
466205
893627
342604
193295
359904
323736
871994
117461
373959
45291
471543
807642
89526
278731
46739
222634
302331
340934
28558
901826
91991
154491
319710
335921
402592
730791
476718
848648
33731
251558
941435
499936
659390
798245
207436
533499
636186
79431
165166
10146
638926
636709
331993
728453
915440
378732
951087
731976
233872
493851
633803
325863
648342
953513
661784
565140
198510
652707
927993
746445
418471
869430
246383
592066
181881
968023
125567
818067
47456
290733
342418
200587
927442
674411
929040
357088
567349
394334
89065
801221
888185
722868
641289
50733
190587
817279
615873
903302
469987
543868
649748
402663
927503
896131
994730
109385
378361
634502
441657
940021
925235
784075
140609
366883
972691
583855
723971
540041
978189
327241
855467
380580
50110
10963
431313
754901
828242
47188
658204
298230
591056
307954
215099
518560
718290
724034
142150
96652
358537
583807
36674
283773
367883
177284
164861
340575
275344
888832
394822
253534
730278
764494
634114
780388
775457
579632
535290
603700
626820
193496
416136
732081
15655
631235
764846
733945
355270
421201
830598
713807
5009
381477
511785
887096
558761
676646
741877
348310
79684
136700
601844
324167
901194
750163
104556
676653
844001
154051
794558
470822
861751
210695
717109
877406
841930
996160
125558
711405
417363
470361
939417
936576
851838
965407
823674
924805
156259
565552
273116
750147
216457
874961
74315
631856
139330
178871
822714
983331
847127
617274
968359
223084
827969
199674
100492
184106
710039
740254
409716
127403
210616
349135
